-4.543115234374999756e-01 5.642138671874999956e-01 3.353857421875000022e-01 1.613920736551284485e-01 1.325145351648330250e-01 1.381824941873550372e-01 5.919670053335179816e-01 2.238326486878174613e-03 6.398780546188354457e+00 2.343292592167854238e+00 -2.254878109097480987e+00 7.392000000000000171e+01 2.932640045166015597e+01 1.074222178271357242e+00 0.000000000000000000e+00
-5.519238281249999600e-01 6.021826171874999911e-01 2.870458984375000022e-01 1.613831983566283990e-01 8.786854078769680554e-02 7.486145451068874912e-02 5.869696039271156129e-01 1.791963937267685488e-03 9.279267995357512788e+00 -1.746951258182525724e+00 -9.971951330900191479e+00 7.478000000000000114e+01 2.926380031585693331e+01 1.499807663493093690e+00 0.000000000000000000e+00
-6.213964843749999467e-01 4.584960937500000000e-01 3.688525390624999845e-01 1.345634283065796077e-01 1.057845997810363814e-01 9.961286470890044764e-02 5.913565706385705001e-01 2.952575134333212340e-03 -9.774396038055419567e-01 2.087804918289184464e+00 -4.482926725149154912e+00 7.615999999999999659e+01 2.924159980773925938e+01 3.282098483968727720e+00 0.000000000000000000e+00
-6.494335937499999822e-01 2.657177734375000266e-01 4.664746093750000155e-01 1.733409424781798824e-01 9.973753664493560656e-02 1.179593335151672279e-01 5.948164239635383987e-01 3.519939285694989508e-03 -3.368902766704559237e+00 1.556097583770752024e+00 -9.615854734182357477e-01 7.548000000000000398e+01 2.920299991607666001e+01 3.773724047304953810e+00 0.000000000000000000e+00
-5.043066406249999689e-01 3.028076171874999889e-01 5.797607421874999556e-01 2.033187026023864641e-01 1.003638440370559631e-01 9.783264935016632025e-02 5.793853559044057633e-01 2.255733737278905679e-03 -2.115853886604309064e+00 -2.158535814285278409e-01 -1.796951389312744229e+00 7.348000000000000398e+01 2.912680034637451243e+01 2.218310423962415623e+00 0.000000000000000000e+00
-3.506347656250000111e-02 2.109423828124999956e-01 7.678564453124999689e-01 2.263544914484023618e-01 1.324195420503616327e-01 5.561424973011016432e-02 5.833598276055876886e-01 1.610101479038309738e-03 -8.477439358830451965e+00 -2.271951279640197718e+00 -4.910365912914276265e+00 7.365999999999999659e+01 2.903040000915527230e+01 1.493588275414689193e+00 0.000000000000000000e+00
-1.991210937500000056e-01 1.485253906250000033e-01 8.203125000000000000e-01 3.007655978202818936e-01 9.751860084533692241e-02 2.958414793014526450e-02 6.052796443625120260e-01 4.933319514138928726e-03 -5.548170741200447509e+00 -4.490244118571281362e+00 -6.735975787639618240e+00 7.368000000000000682e+01 2.898999977111816406e+01 1.207019132724105104e+00 0.000000000000000000e+00
-5.643261718750000044e-01 3.741406250000000044e-01 5.275585937500000266e-01 6.243593749999999665e-02 1.276839214324951288e-01 2.010023585319519190e-01 5.917554034886478576e-01 5.665681433661397259e-03 -2.671341336369514430e+00 -3.487804924845695709e+00 -4.148780565261841247e+00 7.429999999999999716e+01 2.894300014495849638e+01 9.548382871563896312e-01 0.000000000000000000e+00
-4.907031250000000178e-01 5.158496093750000178e-01 2.020947265624999933e-01 4.765510997772216817e-02 1.145541783332824914e-01 3.134533126115798818e-01 5.805701936539868768e-01 1.789084212867232985e-03 -1.531707275509834210e+00 -2.910975570678711044e+00 -2.451219516992568792e+00 7.407999999999999829e+01 2.884840042114257841e+01 9.548382871563896312e-01 0.000000000000000000e+00
-5.865429687500000044e-01 4.167529296874999956e-01 2.368261718749999911e-01 4.708230075836181139e-02 6.990096209049224962e-02 3.298608516693116166e-01 5.817338734510131282e-01 1.604771979187224855e-03 1.964634176492690898e+01 -1.696341520547866910e+00 -2.570731699466705322e+00 7.485999999999999943e+01 2.878900047302246179e+01 6.640283924744692090e-01 0.000000000000000000e+00
-5.927246093750000444e-01 3.736328125000000222e-01 2.651953125000000022e-01 8.901230335235595093e-02 7.153505802154541682e-02 2.890092982292176149e-01 5.759235743041686284e-01 5.366138286753905891e-04 5.420121815204620219e+00 -7.676829224824905928e-01 -3.949390214085578776e+00 7.664000000000000057e+01 2.875160011291503892e+01 3.479306808636871140e-01 0.000000000000000000e+00
-5.704443359374999911e-01 3.619775390625000200e-01 4.515380859375000000e-01 7.427695562839507770e-02 7.502899792194367423e-02 2.337551623582840021e-01 5.807896572645792066e-01 1.036970145499630479e-03 -1.606768355250358482e+01 2.273780573010444783e+00 -1.393902488350868163e+00 7.581999999999999318e+01 2.871300018310546776e+01 3.226428639348246641e-01 0.000000000000000000e+00
-4.981005859375000067e-01 3.476025390624999933e-01 5.666894531249999645e-01 9.335199186801909632e-02 1.037554580926895315e-01 1.251927932739257676e-01 5.782718769980900175e-01 2.992912632663969306e-03 5.183536781072616506e+00 -3.543292777538299632e+00 -6.640245568752288774e-01 7.478000000000000114e+01 2.859319999694824332e+01 3.226428639348246641e-01 0.000000000000000000e+00
-1.390673828125000011e-01 5.842626953124999689e-01 2.346826171874999978e-01 1.761077639818191265e-01 1.456444978952408098e-01 2.830262251138686569e-01 5.858278308673847690e-01 3.843629028256620450e-03 1.842073245048522878e+01 -5.596341564655303635e+00 1.024573186397552504e+01 7.473999999999999488e+01 2.846719963073730497e+01 3.226428639348246641e-01 0.000000000000000000e+00
2.854492187500000042e-02 8.174023437499999822e-01 1.298193359375000022e-01 2.060468240737915180e-01 6.254107675552365853e-02 1.693617124795913642e-01 5.975426978855591376e-01 2.117299611947047293e-03 5.643292899131775009e+00 -7.073163509368896040e-02 1.385304903149604883e+01 7.464000000000000057e+01 2.841700004577636562e+01 3.226428639348246641e-01 0.000000000000000000e+00
-2.752929687500000125e-02 8.175634765624999467e-01 2.902929687499999911e-01 1.815527619361877454e-01 7.090822889804840323e-02 1.232210730552673328e-01 5.944682071830298398e-01 2.986887959385394614e-03 -6.837805151939392090e+00 8.987195369005203105e+00 -2.825609751939773595e+00 7.284000000000000341e+01 2.837000041961669794e+01 3.226428639348246641e-01 0.000000000000000000e+00
-2.214501953124999867e-01 5.931640624999999778e-01 2.627685546874999889e-01 1.251889071702956824e-01 1.387811994552612671e-01 3.292471605539321056e-01 5.866116012725631768e-01 4.008876040972790891e-03 1.768902454376220623e+00 6.112804995775222849e+00 -6.145731763839721751e+00 7.218000000000000682e+01 2.830200038909912053e+01 3.226428639348246641e-01 0.000000000000000000e+00
-4.306152343749999889e-01 4.481103515625000089e-01 3.220166015625000044e-01 8.594874143600464422e-02 1.480662565469741954e-01 3.377637159585951676e-01 5.924313929952852442e-01 2.136737658037578085e-03 1.210487836599349976e+01 -9.094512624740600515e+00 -7.275609824657440328e+00 7.056000000000000227e+01 2.822640037536621094e+01 3.226428639348246641e-01 0.000000000000000000e+00
-4.765087890624999933e-01 4.333984375000000111e-01 4.619775390624999978e-01 5.978618929386137620e-02 1.177602601051330189e-01 2.144768567323685204e-01 5.868492162786782540e-01 1.132788037483170238e-03 -1.579267019033432085e-01 -4.784146718978881552e+00 -1.468292459845542908e+00 7.034000000000000341e+01 2.820580017089843849e+01 3.226428639348246641e-01 0.000000000000000000e+00
-5.623876953124999911e-01 2.558886718749999734e-01 6.166894531250000089e-01 3.455633213520049180e-02 7.695752534866334704e-02 1.508404516220092917e-01 5.811230438312918745e-01 1.539444980027530538e-03 -6.307317149043083049e+00 2.985365862846374618e+00 3.641463575959205556e+00 7.237999999999999545e+01 2.819079982757568459e+01 3.226428639348246641e-01 0.000000000000000000e+00
-5.857958984375000178e-01 1.618212890625000122e-01 7.437255859375000444e-01 4.252316496372222920e-02 5.022443697452545763e-02 2.318100750446319691e-02 5.784333257751624879e-01 1.388097967462508572e-03 8.857317183017730855e+00 -5.071951240897178970e+00 3.410975484848022266e+00 7.212000000000000455e+01 2.811800006866454993e+01 3.226428639348246641e-01 0.000000000000000000e+00
-6.280517578125000000e-01 3.698730468750000000e-01 4.131835937500000222e-01 1.236162835359573414e-01 1.321730136871338002e-01 1.785992860794067272e-01 5.895165151111515511e-01 5.720455317789134575e-03 -5.916463866233825364e+00 -3.039878142535686578e+01 9.571341724395752593e+00 7.307999999999999829e+01 2.805200046539306769e+01 3.226428639348246641e-01 0.000000000000000000e+00
-5.993749999999999911e-01 5.139257812499999911e-01 2.140429687500000067e-01 1.885524820327758866e-01 1.515406702995300281e-01 1.407581354141235752e-01 5.963933097423469443e-01 5.570436169957599867e-03 -1.782256135225296134e+01 -2.557804959416389323e+01 1.121646398544311474e+01 7.485999999999999943e+01 2.804039993286132670e+01 9.106313293393906161e-01 0.000000000000000000e+00
-3.783789062499999800e-01 6.243505859375000355e-01 3.237255859375000044e-01 1.424271806716918554e-01 1.432563724756241164e-01 1.262973296403884504e-01 5.870333909265075256e-01 1.321710663410675165e-03 -1.043902420639991746e+01 -2.336585409045219386e+00 5.430487999916076447e+00 7.435999999999999943e+01 2.808039920806884737e+01 2.543932622129850163e+00 0.000000000000000000e+00
-4.306445312500000178e-01 5.171142578124999778e-01 3.360595703125000000e-01 1.687721224784851093e-01 1.469902878999710116e-01 1.585016852617263661e-01 5.822830513727892399e-01 1.577695048130464727e-03 -9.082926865816116191e+00 3.630487723350524831e+00 1.292682653665542525e-01 7.171999999999999886e+01 2.815119934082031250e+01 3.589245449515744202e+00 0.000000000000000000e+00
-4.828369140625000111e-01 4.892138671874999845e-01 2.013818359375000033e-01 2.779506880044937400e-01 2.021515910387038650e-01 1.779380440950394104e-01 6.052933340937781681e-01 4.741657656629534416e-03 2.108536781668663096e+00 -3.357926892042160105e+00 -1.663780487537384190e+01 6.970000000000000284e+01 2.822219978332519474e+01 3.589245449515744202e+00 0.000000000000000000e+00
-5.763476562499999512e-01 4.182128906250000000e-01 4.712890624999999806e-02 2.734242416381836849e-01 2.781749033927917725e-01 1.549161337852478504e-01 6.126896666568077965e-01 4.601372699398025012e-03 8.994512796401977539e+00 -1.000243912398815205e+01 -1.464817033648490963e+01 6.957999999999999829e+01 2.827240028381347514e+01 3.589245449515744202e+00 0.000000000000000000e+00
-6.500195312500000044e-01 3.546972656249999800e-01 2.022705078125000000e-01 1.074323826789855690e-01 1.670392402648925301e-01 2.374460226297378518e-01 5.902373198981699653e-01 1.400538456886940607e-03 7.873780838251113856e+00 -8.096341632604598715e+00 4.686585980057716760e+00 7.107999999999999829e+01 2.833599983215331974e+01 3.589245449515744202e+00 0.000000000000000000e+00
-5.445410156250000133e-01 4.607617187499999933e-01 5.474658203125000178e-01 1.764076509475707641e-02 5.765244493484496940e-02 1.553597309350967237e-01 5.820896185556857505e-01 7.248386239371736300e-04 5.498780430555343379e+00 -7.121341617703437876e+00 3.145122182369232355e+00 7.351999999999999602e+01 2.843059944152831875e+01 3.589245449515744202e+00 0.000000000000000000e+00
-6.322631835937500000e-01 3.169389204545454697e-01 6.780672940340909394e-01 7.995727726004341063e-03 1.148340992691102708e-02 5.637943990959608936e-03 5.744543654647581432e-01 6.856127105863279731e-05 1.966463420878757029e+00 -1.766906857490539551e+00 1.838969061997803855e+00 7.288636363636364024e+01 2.849499997225674619e+01 3.589245449515744202e+00 0.000000000000000000e+00
-6.911364103618421462e-01 2.657534950657894912e-01 6.442357113486841813e-01 8.392132550395425480e-03 9.761266761209164491e-03 9.075187249857301700e-03 5.758367077729936723e-01 2.196146776792162118e-05 1.742618807052311203e+00 -1.577342750210511069e+00 1.282092585375434579e+00 7.021052631578947967e+01 2.851315819589715161e+01 3.589245449515745090e+00 0.000000000000000000e+00
