-9.106054687500000355e-01 -1.290966796874999933e-01 -3.724609375000000056e-02 3.290653314590455403e-02 1.066208607912063344e-01 9.163296604156495259e-03 5.760408369296814435e-01 1.979827822455394984e-05 5.859756243228910755e-01 -1.341463512182234086e-01 -7.682927906513178917e-02 7.050000000000000000e+01 2.415999984741210938e+01 2.434571514693646854e+00 0.000000000000000000e+00
-9.948486328125000222e-01 2.373535156249999972e-02 -7.441406250000000104e-03 1.240372657775882642e-06 1.211857795715331919e-06 3.839111328124999005e-06 5.746046425412059122e-01 1.894256004248113718e-07 7.621951103210445888e-01 -4.573170840740203302e-01 -6.097561120986896843e-02 7.000000000000000000e+01 2.415999984741210938e+01 2.434571514693646854e+00 0.000000000000000000e+00
-9.950292968749999689e-01 2.379882812500000097e-02 -7.670898437500000416e-03 1.284503936767589758e-06 1.245117187500000513e-06 2.708649635314941194e-06 5.746943542582370057e-01 2.050404126270278660e-07 7.621951103210445888e-01 -4.573170840740203302e-01 -6.097561120986896843e-02 7.000000000000000000e+01 2.415999984741210938e+01 2.434571514693646854e+00 0.000000000000000000e+00
-9.954248046875000533e-01 2.364746093749999986e-02 -8.266601562499999861e-03 1.225018501281759590e-06 1.337552070617676014e-06 3.762269020080566198e-06 5.748936157462672947e-01 1.633047943417440314e-07 7.621951103210445888e-01 -4.573170840740203302e-01 -6.097561120986896843e-02 7.000000000000000000e+01 2.415999984741210938e+01 2.434571514693646854e+00 0.000000000000000000e+00
-9.954785156250000044e-01 2.365722656250000139e-02 -8.593750000000000694e-03 9.685516357422080961e-07 1.621842384338379381e-06 3.893375396728516065e-06 5.748786112135536586e-01 1.229976091114709239e-07 7.621951103210445888e-01 -4.573170840740203302e-01 -6.097561120986896843e-02 7.000000000000000000e+01 2.415999984741210938e+01 2.434571514693646854e+00 0.000000000000000000e+00
-9.954248046875000533e-01 2.372558593750000167e-02 -8.491210937500000278e-03 6.313562393188546200e-07 1.720643043518067011e-06 2.868866920471191336e-06 5.748822158307970165e-01 9.007830274805877988e-08 7.621951103210445888e-01 -4.573170840740203302e-01 -6.097561120986896843e-02 7.000000000000000000e+01 2.415999984741210938e+01 2.434571514693646854e+00 0.000000000000000000e+00
-9.954101562499999556e-01 2.384277343749999917e-02 -8.168945312500000208e-03 1.113414764404302364e-06 1.610779762268066405e-06 3.216767311096191137e-06 5.749203529994528772e-01 1.994814291412915600e-07 7.621951103210445888e-01 -4.573170840740203302e-01 -6.097561120986896843e-02 7.000000000000000000e+01 2.415999984741210938e+01 2.434571514693646854e+00 0.000000000000000000e+00
-9.952539062499999867e-01 2.402832031250000042e-02 -8.510742187499999861e-03 1.407051086425778116e-06 1.406884193420410588e-06 3.058934211730958687e-06 5.748293024936395046e-01 2.364969240655433754e-07 7.621951103210445888e-01 -4.573170840740203302e-01 -6.097561120986896843e-02 7.000000000000000000e+01 2.415999984741210938e+01 2.434571514693646854e+00 0.000000000000000000e+00
-9.951611328124999600e-01 2.403808593749999847e-02 -8.789062500000000000e-03 1.267647743225090553e-06 1.082921028137206720e-06 3.285408020019531098e-06 5.747184026784174504e-01 1.973848839026220415e-07 7.621951103210445888e-01 -4.573170840740203302e-01 -6.097561120986896843e-02 7.000000000000000000e+01 2.415999984741210938e+01 2.434571514693646854e+00 0.000000000000000000e+00
-9.951025390625000133e-01 2.418945312499999958e-02 -8.549804687500000763e-03 1.188302040100099291e-06 9.246826171874996990e-07 3.005242347717284466e-06 5.747386153350568794e-01 1.988874834118104563e-07 7.621951103210445888e-01 -4.573170840740203302e-01 -6.097561120986896843e-02 7.000000000000000000e+01 2.415999984741210938e+01 2.434571514693646854e+00 0.000000000000000000e+00
-9.952001953125000355e-01 2.434082031250000069e-02 -8.466796874999999931e-03 1.207852363586399005e-06 1.280903816223144226e-06 2.430534362792967881e-06 5.748389888273933712e-01 1.403984532979353289e-07 7.621951103210445888e-01 -4.573170840740203302e-01 -6.097561120986896843e-02 7.000000000000000000e+01 2.415999984741210938e+01 2.434571514693646854e+00 0.000000000000000000e+00
-9.951171875000000000e-01 2.440917968750000097e-02 -8.691406250000000347e-03 1.242160797119101653e-06 1.288628578186034636e-06 3.759860992431641794e-06 5.747705970789023233e-01 1.385290993437019861e-07 7.621951103210445888e-01 -4.573170840740203302e-01 -6.097561120986896843e-02 7.000000000000000000e+01 2.415999984741210938e+01 2.434571514693646854e+00 0.000000000000000000e+00
-9.951953125000000400e-01 2.451171875000000139e-02 -8.432617187499999792e-03 1.109695434570302093e-06 1.213550567626953303e-06 4.199051856994628451e-06 5.747806706706097835e-01 1.658275049133015444e-07 7.621951103210445888e-01 -4.573170840740203302e-01 -6.097561120986896843e-02 7.000000000000000000e+01 2.415999984741210938e+01 2.434571514693646854e+00 0.000000000000000000e+00
-9.951171875000000000e-01 2.437500000000000083e-02 -8.154296874999999653e-03 1.261234283447246152e-06 1.428985595703125380e-06 3.142356872558595376e-06 5.747317691412925367e-01 2.848125827174594749e-07 7.621951103210445888e-01 -4.573170840740203302e-01 -6.097561120986896843e-02 7.000000000000000000e+01 2.415999984741210938e+01 2.434571514693646854e+00 0.000000000000000000e+00
-9.949511718750000400e-01 2.317871093749999944e-02 -1.199218749999999938e-02 1.617527008056606052e-06 9.127640724182127746e-06 9.876165390014647160e-05 5.746402297175778884e-01 2.144026465169037392e-07 7.542682862281796519e-01 -4.548780596256255526e-01 -6.036585509777026709e-02 7.000000000000000000e+01 2.417499980926513814e+01 2.434571514693646854e+00 0.000000000000000000e+00
-9.945458984374999645e-01 1.893066406250000153e-02 -2.766601562499999833e-02 1.815819740295365762e-06 1.825859546661376880e-05 2.278386116027832390e-04 5.745917833165499200e-01 1.371676299797413896e-07 7.189024436473843149e-01 -4.463414734601973688e-01 -5.426829397678337857e-02 7.000000000000000000e+01 2.426999969482421804e+01 2.434571514693646854e+00 0.000000000000000000e+00
-9.941748046874999689e-01 1.544921875000000028e-02 -3.929199218749999944e-02 1.044297218322730744e-06 1.378154754638672347e-06 3.746533393859862053e-06 5.745388866447639353e-01 1.315783116667888412e-07 6.823170864582059902e-01 -4.310975706577299671e-01 -5.182926952838868423e-02 8.087999999999999545e+01 2.442999992370605611e+01 2.295575081874937595e+01 0.000000000000000000e+00
-9.943505859375000311e-01 1.526855468749999979e-02 -3.888671875000000028e-02 7.391214370727444486e-07 1.264119148254394169e-06 4.463291168212890132e-06 5.745749173889439509e-01 9.298155045754383907e-08 6.750000154972074506e-01 -4.250000089406966719e-01 -5.060975730419121910e-02 1.253799999999999955e+02 2.460599967956542855e+01 4.860722494881900246e+01 0.000000000000000000e+00
-9.942382812500000222e-01 1.517578124999999917e-02 -3.898437500000000167e-02 6.866455078125052685e-07 1.517200469970703530e-06 3.422355651855468762e-06 5.745623970141851000e-01 8.370547695763861569e-08 6.780487918853758122e-01 -4.243902528285979359e-01 -4.573170840740159449e-02 1.590000000000000000e+02 2.477399913787841967e+01 5.373751977483292563e+01 0.000000000000000000e+00
-9.944482421875000533e-01 1.516601562499999938e-02 -3.900390624999999778e-02 7.887125015258629282e-07 1.384353637695312501e-06 2.304458618164064928e-06 5.746689062509910961e-01 8.802860636744553995e-08 6.780487942695616610e-01 -4.182926928997038329e-01 -4.512195229530296947e-02 1.590000000000000000e+02 2.491399917602539205e+01 5.373751977483292563e+01 0.000000000000000000e+00
-9.946337890624999956e-01 1.523925781250000042e-02 -3.889648437499999833e-02 5.709886550903063624e-07 1.230454444885253652e-06 2.573585510253906990e-06 5.747600295946050375e-01 6.007120973398798255e-08 6.725609910488127285e-01 -4.152439123392103748e-01 -3.780487895011868521e-02 1.590000000000000000e+02 2.504659923553466783e+01 5.373751977483292563e+01 0.000000000000000000e+00
-9.944433593749999467e-01 1.535644531249999965e-02 -3.898925781249999722e-02 5.115509033203115356e-07 1.247525215148925764e-06 3.493428230285644497e-06 5.746539576912548242e-01 6.486279073075800399e-08 6.597561097145079323e-01 -4.134146440029142777e-01 -2.987804949283563369e-02 1.590000000000000000e+02 2.517839927673339773e+01 5.373751977483292563e+01 0.000000000000000000e+00
-9.941943359374999512e-01 1.532714843750000028e-02 -3.915039062500000333e-02 1.083111763000484984e-06 1.135563850402832063e-06 3.702068328857420939e-06 5.745006981303293347e-01 1.641321982287560511e-07 6.402439200878141667e-01 -4.201219612359999300e-01 -2.987804949283566491e-02 1.590000000000000000e+02 2.531279922485351719e+01 5.373751977483292563e+01 0.000000000000000000e+00
-9.943505859375000311e-01 1.510742187500000062e-02 -3.924804687499999778e-02 1.554512977600094111e-06 1.048183441162109342e-06 3.274822235107424794e-06 5.746093824876752354e-01 3.009418118401800256e-07 6.323170912265776433e-01 -4.231707417964933882e-01 -2.500000059604622418e-02 1.590000000000000000e+02 2.545199989318847500e+01 5.373751977483292563e+01 0.000000000000000000e+00
-9.943750000000000089e-01 1.521484375000000007e-02 -3.899902343750000222e-02 1.211071014404294150e-06 9.284973144531248082e-07 2.541089057922365218e-06 5.746296750901795924e-01 2.829223551713870198e-07 6.457317245006559681e-01 -4.176829367876051524e-01 -2.073170781135545010e-02 1.590000000000000000e+02 2.557380035400390739e+01 5.373751977483292563e+01 0.000000000000000000e+00
-9.941845703124999600e-01 1.529296875000000014e-02 -3.870605468749999806e-02 8.146524429321143065e-07 9.578704833984370379e-07 2.573037147521972133e-06 5.744852877189452478e-01 1.782308882757536608e-07 6.384146535396575395e-01 -4.164634245634077359e-01 -2.073170781135540500e-02 1.590000000000000000e+02 2.567300018310546861e+01 5.373751977483292563e+01 0.000000000000000000e+00
-9.943750000000000089e-01 1.514160156250000076e-02 -3.895507812500000056e-02 8.558273315429533741e-07 1.076436042785644934e-06 3.407382965087891227e-06 5.745496292920667658e-01 1.068110117117011329e-07 6.250000178813932550e-01 -4.237804961204527654e-01 -2.195122003555278686e-02 1.590000000000000000e+02 2.589820037841796818e+01 5.373751977483292563e+01 0.000000000000000000e+00
-9.944628906250000400e-01 1.511230468749999965e-02 -3.894531250000000250e-02 9.857177734374932945e-07 1.741051673889159784e-06 2.856826782226562539e-06 5.746661911007824308e-01 1.167544290630821655e-07 6.304878151416777321e-01 -4.256097644567488070e-01 -2.743902504444108506e-02 1.305200000000000102e+02 2.646280010223388501e+01 5.373751977483292563e+01 0.000000000000000000e+00
-9.942187500000000400e-01 1.597656249999999944e-02 -3.850585937499999972e-02 1.150226593017568336e-06 2.525234222412108876e-06 2.157783508300782044e-06 5.745915935104801697e-01 1.999201694668892296e-07 6.036585438251494962e-01 -4.073170828819273614e-01 -3.597561061382272690e-02 8.601999999999999602e+01 2.690679992675781307e+01 5.373751977483292563e+01 0.000000000000000000e+00
-9.942349520596590606e-01 1.676802201704545581e-02 -3.868519176136363952e-02 1.135782515707059046e-06 1.429895724146819621e-06 2.710533536170139089e-06 5.746135473647545622e-01 1.866525597924820524e-07 5.827328291806306293e-01 -3.991130915555085590e-01 -3.048780560493448422e-02 7.000000000000000000e+01 2.699568228288130456e+01 5.373751977483293274e+01 0.000000000000000000e+00
-9.945261101973684736e-01 1.685855263157894773e-02 -3.908819901315789547e-02 7.674304402105157900e-07 1.282903296135138732e-06 2.753701566659182173e-06 5.747832638483475476e-01 8.326275060106526215e-08 5.921052788433273095e-01 -4.043645796022914407e-01 -1.604621347628131661e-02 7.000000000000000000e+01 2.704000091552734375e+01 5.373751977483298248e+01 0.000000000000000000e+00
